Class=0
Lvl=1
Hp=3.000000
Speed=8.000000
FireRate=1.580000
Damage=1.000000
Range=550
ShotSpeed=1
Quest=0.00
Timer=0
Death=0
Inventaire=none
